100 50
13 13 87 84 88 99 59 99 61 73 72 72 61 66 85 
28 20 95 76 92 70 90 88 95 63 79 77 68 66 79 95 65 92 64 74 53 52 
39 8 61 70 60 88 73 84 74 78 
46 2 79 85 
47 3 69 97 86 
7 3 66 79 99 
25 15 85 59 70 71 86 89 53 58 56 75 80 93 51 96 69 
44 19 91 89 94 93 88 84 75 52 92 54 56 67 86 67 79 65 77 99 74 
38 19 83 73 54 80 92 94 89 59 91 90 85 82 56 67 56 70 60 59 69 
30 16 95 57 73 75 94 99 98 54 75 96 92 60 76 65 55 85 
3 14 75 63 88 60 84 89 54 89 92 71 95 60 63 100 
31 19 98 100 84 55 94 95 100 52 61 80 91 55 74 68 62 83 97 55 78 
9 13 64 91 85 81 77 97 91 51 92 99 64 62 67 
34 12 73 72 93 73 55 63 81 59 67 73 65 84 
12 13 94 95 67 80 82 63 77 84 95 85 57 100 93 
40 19 98 65 76 51 77 83 60 85 73 69 100 57 90 60 88 79 69 98 93 
32 15 51 100 82 79 67 79 82 94 88 79 63 76 88 97 86 
35 14 93 56 54 96 79 72 52 95 61 87 84 61 79 80 
2 8 91 69 58 86 86 87 87 75 
5 12 99 89 94 60 63 84 66 63 54 86 56 85 
33 1 84 
48 17 79 86 57 71 95 66 81 82 66 93 68 53 88 53 72 66 94 
21 20 100 67 59 54 72 87 55 96 65 75 99 97 83 71 57 63 52 51 59 77 
4 13 86 70 83 52 77 74 81 91 92 55 73 57 88 
24 15 62 87 64 54 86 64 80 52 63 79 95 67 93 88 64 
37 20 92 74 52 100 92 64 76 72 68 82 97 61 78 60 69 83 66 60 69 98 
14 19 69 72 66 65 83 63 56 72 69 77 99 87 81 95 89 89 56 95 72 
49 3 54 68 83 
10 16 51 86 65 58 69 85 53 74 82 95 87 56 69 64 81 55 
17 10 97 80 71 74 77 76 82 64 60 82 
1 13 77 62 61 52 65 82 63 56 91 53 85 68 92 
19 14 66 73 98 91 51 61 99 51 95 81 57 67 97 56 
26 6 54 76 64 56 77 68 
23 15 80 93 70 85 62 81 66 72 56 91 78 71 89 65 93 
42 20 54 100 97 91 59 65 87 70 87 53 78 53 64 80 61 82 65 58 95 57 
22 14 55 82 95 63 61 73 67 70 69 99 53 53 58 75 
15 11 79 100 69 63 74 53 100 54 86 77 76 
11 5 97 70 64 69 62 
43 17 72 73 85 100 92 72 95 99 63 96 90 53 79 69 66 97 59 
29 7 94 74 54 58 52 73 86 
6 18 74 74 93 90 95 68 88 79 83 94 77 98 76 70 100 88 53 95 
8 11 60 98 62 52 98 52 73 96 54 54 100 
20 4 78 70 84 96 
41 10 72 76 73 73 69 58 83 64 61 54 
27 3 93 62 98 
50 4 59 64 87 80 
18 3 78 86 77 
36 16 96 75 65 52 59 62 87 56 93 84 99 62 89 68 70 92 
45 3 65 56 54 
16 15 54 78 69 51 77 72 51 80 97 69 100 93 87 66 66